# x y
2.253923199999999838e+01 1.887226700000000079e+01
1.484430799999999984e+01 1.577488999999999919e+01
2.514558600000000155e+01 2.257650599999999841e+01
2.080907200000000046e+01 1.877095800000000025e+01
1.389611700000000027e+01 1.619279500000000027e+01
2.417675099999999944e+01 2.198740499999999898e+01
2.065288200000000174e+01 2.173356100000000168e+01
2.025154600000000116e+01 1.410485000000000078e+01
2.184222099999999855e+01 1.632044499999999942e+01
1.540138499999999944e+01 2.244917699999999883e+01
1.570265500000000003e+01 1.740809399999999840e+01
2.717088100000000139e+01 1.984284200000000098e+01
2.267979499999999859e+01 1.687828700000000026e+01
2.418835999999999942e+01 2.299926900000000174e+01
1.940080499999999830e+01 1.350217400000000012e+01
2.433917100000000033e+01 1.897122699999999895e+01
1.754917999999999978e+01 1.551210299999999975e+01
1.284688300000000005e+01 1.553959700000000055e+01
2.325911100000000076e+01 2.344542799999999971e+01
2.149536700000000167e+01 2.229878000000000071e+01
1.834802300000000130e+01 1.711123600000000167e+01
1.386738099999999996e+01 1.724837799999999888e+01
1.619647000000000148e+01 2.404732399999999970e+01
1.800870000000000104e+01 2.309605799999999931e+01
2.346331899999999848e+01 1.842507099999999909e+01
2.339302700000000002e+01 1.941872499999999846e+01
2.449166100000000057e+01 1.696317600000000070e+01
1.889771400000000057e+01 2.263511000000000095e+01
1.382907499999999956e+01 1.828998599999999897e+01
1.729991000000000057e+01 2.052182399999999873e+01
1.371343399999999946e+01 2.036428799999999839e+01
1.746227000000000018e+01 1.754920200000000108e+01
1.554317799999999927e+01 2.042987899999999968e+01
1.584769099999999931e+01 1.311554399999999987e+01
1.489765000000000050e+01 1.358614599999999939e+01
1.934454500000000010e+01 1.458906299999999945e+01
1.292382399999999976e+01 1.662750499999999931e+01
1.873839500000000058e+01 2.582249300000000147e+01
2.125485099999999861e+01 1.248176699999999961e+01
1.240276899999999927e+01 2.415865399999999852e+01
2.595244299999999882e+01 1.428966899999999995e+01
2.169982600000000161e+01 1.832798700000000025e+01
1.854941799999999930e+01 1.287509299999999968e+01
1.626424199999999942e+01 2.299870599999999854e+01
2.236051099999999892e+01 2.287031299999999945e+01
1.824398700000000062e+01 1.909642900000000054e+01
2.419805200000000056e+01 2.097673100000000090e+01
2.052489599999999825e+01 2.596239399999999975e+01
1.818793300000000102e+01 2.007800100000000043e+01
2.238316500000000175e+01 2.185627699999999862e+01
2.510402099999999947e+01 2.154323199999999972e+01
2.523502200000000073e+01 1.953294500000000156e+01
1.645866600000000091e+01 1.997567599999999999e+01
1.911902999999999864e+01 1.866279099999999858e+01
2.142929300000000126e+01 2.663471399999999889e+01
1.723867100000000008e+01 2.151981899999999825e+01
2.235428599999999832e+01 2.390559700000000021e+01
2.613448800000000105e+01 2.025938199999999867e+01
2.236045800000000128e+01 2.498439499999999924e+01
2.018448599999999971e+01 1.517419699999999949e+01
2.298598700000000150e+01 1.372777899999999995e+01
1.560355999999999987e+01 1.942397499999999866e+01
1.651487499999999997e+01 1.898016300000000101e+01
2.382594800000000035e+01 1.433575000000000088e+01
1.900645300000000049e+01 2.062354600000000104e+01
1.259253299999999953e+01 2.085262799999999928e+01
2.623658999999999963e+01 1.914476499999999959e+01
2.029263100000000009e+01 1.296478800000000042e+01
1.514250499999999988e+01 2.577560400000000129e+01
1.579007999999999967e+01 1.428133200000000080e+01
1.528078999999999965e+01 2.454573200000000099e+01
1.609697699999999898e+01 2.517438599999999838e+01
1.668197899999999834e+01 1.491073500000000074e+01
2.158050599999999974e+01 2.030008899999999983e+01
1.656628999999999863e+01 1.798255999999999943e+01
1.387865799999999972e+01 1.512466299999999997e+01
2.686528799999999961e+01 2.108924400000000077e+01
2.061455700000000135e+01 2.274861999999999895e+01
2.192501700000000042e+01 1.528426499999999955e+01
1.895125399999999871e+01 2.162069299999999927e+01
1.281208400000000047e+01 1.982176799999999872e+01
1.987666499999999914e+01 2.018583399999999983e+01
1.784021399999999957e+01 2.637882199999999955e+01
1.439206399999999952e+01 2.399112600000000128e+01
1.574194400000000016e+01 1.638850199999999901e+01
2.326101600000000147e+01 2.242591499999999982e+01
2.153259999999999863e+01 2.129267799999999866e+01
1.345791999999999966e+01 2.349606299999999948e+01
1.917441000000000173e+01 1.767212900000000175e+01
1.288467699999999994e+01 1.770774000000000115e+01
2.163688000000000144e+01 1.931452799999999925e+01
1.175836499999999951e+01 1.953457099999999969e+01
2.489985499999999874e+01 1.392819899999999933e+01
1.481560099999999913e+01 1.681511000000000067e+01
2.044120399999999904e+01 2.717922599999999989e+01
2.075059500000000057e+01 1.975182699999999869e+01
2.613813100000000134e+01 2.305131899999999945e+01
1.741199299999999894e+01 1.854422599999999832e+01
2.242336500000000044e+01 2.085475599999999829e+01
2.426137999999999906e+01 1.997123900000000063e+01
2.404385200000000111e+01 1.324574800000000074e+01
2.631743399999999866e+01 1.803936300000000159e+01
2.619880799999999965e+01 2.420653300000000030e+01
2.517493800000000093e+01 2.365206699999999884e+01
2.540330499999999958e+01 1.746956099999999878e+01
1.253384299999999918e+01 2.192214200000000091e+01
1.246297999999999995e+01 2.301485600000000176e+01
1.661205400000000054e+01 1.697695900000000080e+01
1.977719499999999897e+01 2.218097399999999908e+01
2.238318100000000044e+01 2.612816700000000125e+01
2.441449799999999826e+01 1.796881899999999987e+01
1.965514299999999892e+01 2.532845400000000069e+01
2.058527199999999979e+01 2.378471000000000046e+01
2.116544000000000025e+01 1.360582100000000061e+01
2.275977200000000167e+01 1.585909000000000013e+01
1.341029900000000019e+01 2.459827900000000156e+01
2.315760999999999825e+01 1.259809100000000015e+01
2.514171500000000137e+01 2.054376800000000003e+01
2.109224599999999938e+01 1.469902599999999993e+01
2.087351699999999965e+01 1.778120200000000040e+01
1.444865500000000047e+01 2.294304800000000100e+01
1.787605900000000148e+01 2.522558199999999928e+01
1.829688300000000112e+01 1.811020299999999850e+01
1.485151300000000063e+01 1.471433500000000016e+01
1.794124499999999856e+01 2.414549200000000084e+01
1.884341200000000072e+01 2.367022899999999908e+01
1.696040999999999954e+01 2.576769000000000176e+01
1.867636200000000102e+01 2.712102900000000005e+01
2.531755700000000076e+01 1.850839399999999912e+01
2.247672100000000128e+01 1.986164000000000129e+01
1.565656800000000004e+01 1.841783300000000168e+01
2.446019300000000030e+01 2.613188999999999851e+01
1.639770299999999992e+01 2.097395099999999957e+01
1.378635000000000055e+01 1.932672499999999971e+01
2.458385600000000082e+01 1.595656699999999972e+01
1.680386899999999883e+01 1.261003700000000016e+01
1.352709499999999920e+01 2.577757799999999833e+01
2.419165900000000136e+01 2.402265799999999984e+01
1.812862900000000010e+01 2.106831599999999938e+01
1.633205600000000146e+01 2.197945599999999899e+01
2.326249200000000172e+01 2.449548800000000170e+01
1.473095400000000055e+01 1.886257099999999909e+01
2.146014999999999873e+01 2.437486499999999978e+01
2.370046599999999870e+01 1.539601399999999920e+01
2.101429699999999912e+01 1.575162500000000065e+01
2.094139600000000101e+01 1.677665100000000109e+01
2.650288899999999970e+01 1.695452999999999832e+01
1.928745699999999985e+01 1.563935700000000040e+01
2.260717100000000102e+01 1.788029600000000130e+01
1.603476900000000072e+01 2.637986000000000075e+01
1.941077299999999894e+01 1.224914000000000058e+01
1.806943000000000055e+01 2.207280799999999843e+01
2.332980399999999932e+01 2.041459400000000102e+01
1.958183400000000063e+01 2.647187500000000071e+01
1.358515000000000050e+01 2.138681100000000157e+01
2.285696000000000083e+01 1.481118599999999930e+01
1.982507700000000028e+01 2.117517199999999988e+01
1.717495200000000111e+01 2.253170300000000026e+01
1.923059100000000043e+01 1.666540499999999980e+01
2.353516600000000025e+01 1.742694099999999935e+01
2.328325200000000095e+01 2.141732599999999920e+01
2.466807599999999923e+01 1.493951099999999954e+01
2.005353300000000161e+01 1.722744700000000151e+01
2.056218199999999996e+01 2.484860199999999963e+01
1.844453199999999882e+01 1.505660999999999916e+01
1.288936400000000049e+01 1.439629599999999954e+01
2.201744100000000159e+01 1.421499900000000061e+01
2.147131999999999863e+01 2.332338599999999929e+01
1.436351400000000034e+01 2.506937399999999982e+01
2.361295399999999844e+01 1.641905600000000121e+01
1.999197300000000155e+01 1.822530499999999876e+01
2.213092100000000073e+01 1.311316899999999919e+01
2.011755700000000147e+01 1.621199500000000171e+01
1.547428999999999988e+01 2.143717200000000034e+01
2.562112000000000123e+01 1.535965500000000006e+01
2.662285299999999921e+01 1.580783699999999925e+01
1.391984899999999925e+01 1.400086499999999923e+01
2.608136299999999963e+01 2.188619500000000073e+01
1.670928299999999922e+01 1.382373899999999978e+01
2.144918900000000050e+01 2.546908699999999826e+01
1.906522299999999959e+01 1.964079500000000067e+01
2.041391099999999881e+01 1.174774999999999991e+01
2.552662700000000129e+01 1.642855000000000132e+01
1.710748399999999947e+01 2.356550899999999871e+01
1.451171700000000087e+01 2.191374700000000075e+01
2.727392499999999842e+01 1.861268799999999857e+01
2.223196799999999840e+01 1.193133899999999947e+01
1.467408000000000001e+01 1.988227900000000048e+01
1.477646599999999921e+01 1.784210900000000066e+01
1.750823799999999864e+01 1.654060700000000139e+01
1.185380499999999948e+01 1.829153399999999863e+01
2.708915500000000165e+01 2.236715600000000137e+01
2.176838599999999957e+01 1.733228799999999836e+01
1.695295600000000036e+01 2.703764200000000173e+01
1.780009099999999833e+01 1.206706800000000079e+01
2.521856000000000009e+01 1.287918900000000022e+01
1.460089999999999932e+01 2.090018299999999840e+01
2.524123000000000161e+01 2.479857799999999912e+01
1.577121099999999920e+01 1.535064700000000038e+01
1.879063599999999923e+01 2.472837399999999874e+01
2.069839500000000143e+01 2.073616399999999871e+01
1.973298399999999830e+01 2.320589999999999975e+01
1.758504800000000046e+01 1.445542000000000016e+01
1.839743199999999845e+01 1.609485899999999958e+01
2.331234099999999998e+01 2.562091900000000066e+01
1.735766500000000079e+01 1.953241500000000030e+01
1.352080400000000004e+01 2.243160400000000010e+01
2.420841199999999915e+01 2.506460300000000174e+01
1.762498099999999823e+01 1.335209099999999971e+01
1.993136799999999909e+01 1.920918199999999842e+01
1.849028900000000064e+01 1.398944999999999972e+01
1.969343599999999839e+01 2.425220399999999898e+01
1.285303099999999965e+01 1.877281800000000089e+01
1.665111800000000031e+01 1.595609600000000050e+01
1.533811700000000044e+01 2.348060999999999865e+01
1.190129499999999929e+01 1.707791100000000029e+01
1.702525100000000080e+01 2.464111400000000174e+01
